.Random.seed <-
c(403L, 10L, -196771095L, 1301829659L, 1716572202L, 1376400204L, 
284246287L, -1683696571L, -105114116L, 176583762L, 542217677L, 
-828168313L, -754503058L, -102456760L, 1208243275L, -547650135L, 
471087352L, 705182758L, -2099806911L, 1175333587L, -756149630L, 
-1346832204L, 61896759L, 793807661L, 714227780L, 74845546L, -1951147563L, 
-440438929L, -1085081994L, -241714784L, -174719389L, -498440447L, 
616478320L, 754012686L, -1643062663L, 1397523979L, 2072016698L, 
1595813436L, 1961891199L, -165054763L, -185354516L, -713496510L, 
-103313507L, -1127563753L, 1605460862L, 660754744L, -1735786981L, 
-1093148807L, 1884932552L, -1938786826L, -1551828943L, 1359131235L, 
-347959758L, 74890116L, -651798073L, 456454301L, -229357548L, 
-1564754246L, 643993349L, -261554977L, 1860996454L, 551987440L, 
491973651L, 2021810609L, -960168864L, 1281268222L, -1772241527L, 
818019003L, -761805174L, -196243092L, -1287747857L, -239927003L, 
-603160612L, 1993231794L, 578944173L, 1525406823L, -367246450L, 
1474937960L, 1152524395L, 1673529865L, -1160915816L, -1986746426L, 
-1867826399L, -651962445L, -1013940446L, 866324756L, 534831511L, 
1018528141L, 1651304612L, 514605706L, 1454668021L, 1400090447L, 
1483282518L, -519748864L, 309171779L, -1530098207L, -1623115440L, 
-1546072146L, -1696176807L, 149668715L, 1387315930L, 761230236L, 
2075135903L, -1054943755L, -1305888628L, -1520256670L, 1861383485L, 
425285047L, 2024964702L, -338713704L, 723389179L, -768441703L, 
1873365800L, -84534826L, -1137736111L, -306993917L, -867452782L, 
1130589732L, -1237823257L, 334660925L, -300817996L, 1858706970L, 
-171172507L, 1639146495L, -2053963130L, 535249424L, -26085197L, 
1150636881L, -110952704L, 815934942L, -1109830103L, 630365659L, 
1024418538L, 1614696588L, 244891599L, 443389829L, -949455812L, 
-1192086254L, -1028767219L, -1755358905L, -991630546L, -1094703480L, 
-1105473653L, 1095499625L, -81514184L, -951456794L, 1931074433L, 
-1388039405L, -1928528702L, 762713972L, 866933623L, 406174829L, 
1662456580L, 1273350698L, 1753474965L, 396102703L, -399686346L, 
431934816L, -1627780189L, -2040116031L, 227626160L, 1971334094L, 
-731189447L, -667791541L, -522298118L, -1975736836L, 511465023L, 
-1655338219L, -1668446164L, -1809794814L, 757969373L, 1729777879L, 
-1889797186L, -1738666504L, -1638041125L, -1627989959L, -2124381816L, 
408087862L, 1710503793L, 1767474595L, 646789362L, 2125939780L, 
-1390010617L, -644411683L, 1086926804L, -469508358L, 421552709L, 
408056479L, -1536155610L, -1782127440L, 1913644371L, -1977671567L, 
-1823810144L, -1456385730L, -225222583L, -267139845L, -1536250678L, 
427651628L, -1041684945L, -40245531L, -1412453476L, -1405018638L, 
1376274541L, 1919828391L, 2135282638L, -806315736L, -37410005L, 
-1048000183L, -1911742888L, 711069446L, -46408991L, 207195763L, 
1033197282L, -161756588L, -462089385L, 1572509517L, -1093948700L, 
-689622326L, -938194123L, -724221553L, 1362572950L, 1411962432L, 
-865439997L, 355280673L, -331255792L, -1800804370L, 1795327897L, 
-396795861L, -505285350L, 1483014748L, 26670546L, -351977984L, 
2038903124L, -1025239832L, -882362118L, 1751835344L, 1629228844L, 
-954110732L, -1520876142L, 1520376160L, -1906096116L, -1743984416L, 
-579082654L, -103763800L, 1827678284L, 432306044L, 362450226L, 
1771535984L, -701372604L, -203093032L, 1233112954L, -852241360L, 
1821155260L, 239671892L, -723533758L, 1143264928L, -1390089540L, 
91273168L, -1058154142L, -1093174552L, 139916492L, 56756732L, 
1663771122L, -871702400L, 1585520116L, -132302200L, -415795398L, 
284469584L, -1247549332L, 1313883540L, -265126830L, -2114993696L, 
913907916L, 1211558560L, -1055137406L, -1645390616L, -76137748L, 
195289404L, 1349229682L, 351010416L, 1654261284L, 1861881912L, 
1365660954L, 2000785616L, -1958019780L, -447946860L, -1162025086L, 
-75587648L, 879455804L, -1422470768L, 854918178L, 144408840L, 
2015827084L, 1906443036L, 1964720274L, 240865664L, -1885164524L, 
1209886504L, -782913990L, 1001980368L, 110924140L, -430156L, 
2039473682L, 465253344L, 366876108L, -263805728L, 909293602L, 
994754344L, -1655552500L, 1462213436L, -1401021454L, 287576816L, 
690430532L, -484411816L, 1860575034L, -1311228944L, 1406734012L, 
-2017587948L, 602306L, -205962144L, -1985851012L, -682410032L, 
-886363870L, 47603368L, -892664948L, 1907680444L, 1595418418L, 
-1098444224L, 381054132L, -841857976L, -1553194566L, 199601680L, 
-984831764L, -626228908L, 756129554L, -1165781600L, -905532724L, 
-18938272L, -361939006L, -939345112L, -921446996L, 600299836L, 
-263379086L, 647772464L, 1406725924L, 58961208L, 1619831514L, 
595281808L, 1249587964L, 235310996L, 852711490L, 1045355776L, 
890008636L, 1631573328L, 2102470818L, 1493161800L, 830492428L, 
781069020L, 497924946L, -1039662464L, 2026276948L, -1397713944L, 
1147356922L, 979431760L, -194335956L, 802893684L, -1645401198L, 
241409632L, -1032110196L, 1544504160L, 26517474L, 159309736L, 
-112794420L, -286315012L, -2104269902L, 455143920L, 378057156L, 
-1967750824L, 288089466L, -889904720L, 1563471804L, -181690284L, 
252502978L, 151641120L, 989396156L, 1181262416L, -222320670L, 
-636686744L, 1691449932L, 497123580L, -428158990L, 1988596992L, 
-1430859916L, -943927288L, -548155974L, 1925793232L, -207733780L, 
-150474860L, 280454098L, 1109219168L, -844886708L, 213548320L, 
-238337150L, 143721192L, 716981484L, -1385917892L, 204321650L, 
-1540617616L, 2047795236L, 1850683192L, -854125414L, -537904432L, 
-989157188L, -1510762860L, 1867173506L, 1627491520L, -631054020L, 
-1960060784L, -1712532958L, 95956488L, -310523636L, 1188674204L, 
-1215810030L, 1262896512L, 259302932L, 557604392L, -549669574L, 
1161979856L, -1786076564L, -343830732L, 539708050L, -2007119520L, 
-1451140788L, 1955446752L, -1462851678L, 418803624L, 38966156L, 
660158140L, 859356018L, -1055614736L, -16535484L, 1231105368L, 
559277114L, 1339071344L, -1063261124L, 1303507732L, -573120062L, 
-1889025824L, 936929148L, 614147792L, 2062792354L, 23653416L, 
-831926004L, -1751295044L, -543417038L, 1433483200L, 1787172788L, 
-2059200571L, -1858943217L, -821512824L, -1576517466L, 599126099L, 
535763381L, -2023239918L, -1708182304L, 1800960329L, 1616561019L, 
1643511372L, -1853091878L, 188894671L, -1107625063L, -216519762L, 
1199788220L, -819091155L, 640621271L, 1465205536L, -1817144194L, 
-1926940085L, -479311795L, -1948154246L, 72429240L, 153693281L, 
54599187L, 340366388L, 1848154690L, 1151045207L, -964270687L, 
-2020899226L, 1709188708L, -664713835L, -452929857L, -542896552L, 
-380536202L, 73741955L, 445164229L, 1505310690L, 283869776L, 
1149052793L, -731374421L, -1373268964L, 1354589002L, 532349759L, 
-1649005175L, 1169528222L, 1179798604L, -727335395L, 348984231L, 
-58337584L, 1396680814L, -228057317L, 2054365309L, 1199509098L, 
-951431416L, 1182920625L, -2077554653L, -985138908L, -906580526L, 
-45519321L, 1884379249L, -2116292938L, 670114388L, -1768309019L, 
2066963183L, 1325323816L, 487252614L, 319880371L, 1334452757L, 
-702708622L, -1180737344L, -42986199L, 1256410011L, -1767433108L, 
-1665523590L, -222950993L, 1036648633L, 2050896590L, 1340313628L, 
1641751437L, 916659703L, -505483008L, -1596498082L, -1796634581L, 
-1604917459L, -408245350L, -2045130408L, -979530559L, -1849640077L, 
470997140L, -1795810014L, 1658248247L, 1818817793L, 1523824646L, 
745868868L, -1640016011L, -182818081L, -882477512L, -1045928426L, 
697227811L, 1750267365L, 422644738L, -27939216L, -972375015L, 
-1769980405L, 1230847228L, -895430358L, 754820959L, -417028375L, 
1590871550L, 1458412012L, 297132349L, 599322887L, -1912192784L, 
496393358L, -1626679621L, 1308976797L, -439836086L, 2061582440L, 
-1728663471L, 1607476035L, -780483004L, 1200485618L, -844779321L, 
1296515729L, -1295123434L, 1622451828L, -301326075L, -98481L, 
-1050969784L, -2129623834L, -1677207021L, 880041333L, 303210834L, 
783944096L, 1954365577L, 1194780859L, 472367884L, 1859043994L, 
-501946353L, 296307801L, 1264312558L, -1585486980L, 43028461L, 
627894423L, -702442656L, -2013752514L, -117785589L, -1812374387L, 
